# Created by Octave 3.4.2, Mon May 14 13:43:00 2012 EDT <rjs454@box487.cims.nyu.edu>
# name: noiseRange
# type: range
# base, limit, increment
0 0.05 0.01


# name: kRange
# type: matrix
# rows: 1
# columns: 135
 0 1 2 3 4 5 6 7 8 9 10 12 14 16 18 20 22 24 26 28 30 35 40 45 50 55 60 65 70 75 80 85 90 95 100 105 110 115 120 125 130 135 140 145 150 155 160 165 170 175 180 185 190 195 200 205 210 215 220 225 230 235 240 245 250 255 260 265 270 275 280 285 290 295 300 305 310 315 320 325 330 335 340 345 350 355 360 365 370 375 380 385 390 395 400 405 410 415 420 425 430 435 440 445 450 455 460 465 470 475 480 485 490 495 500 505 510 515 520 525 530 535 540 545 550 555 560 565 570 575 580 585 590 595 600


# name: HeatMap
# type: matrix
# rows: 135
# columns: 6
 0 0 0 0 0 0
 0 0 0 0 0 0
 0 0 0 0 0 0
 0 0 0 0 0 0
 0 0 0 0 0 0
 0 0 0 0 0 0
 0 0 0 0 0 0
 10 0 0 0 0 0
 9.48 0 0 0 0 0
 9.359999999999999 0 0 0 0 0
 9.330000000000002 0 0 0 0 0
 9.361250000000002 0 0 0 0 0
 9.440000000000001 0 0 0 0 0
 9.540000000000001 0 0 0 0 0
 9.640000000000001 0 0 0 0 0
 9.740000000000002 0 0 0 0 0
 9.84 0 0 0 0 0
 9.94 9.92625 0 0 0 0
 10.04 0 0 0 0 0
 10.12 0 0 0 0 0
 10.22 0 0 0 0 0
 10.42 0 0 0 0 0
 10.61666666666667 0 0 0 0 0
 10.78333333333333 0 0 0 0 0
 10.94333333333333 0 0 0 0 0
 11.1 0 0 0 0 0
 11.24 0 0 0 0 0
 11.38 0 0 0 0 0
 11.5 0 0 0 0 0
 11.62 0 0 0 0 0
 11.72 0 0 0 0 0
 11.84 0 0 0 0 0
 11.94 0 0 0 0 0
 12.02 0 0 0 0 0
 12.14 0 0 0 0 0
 12.2 0 0 0 0 0
 12.295 0 0 0 0 0
 12.37833333333333 0 0 0 0 0
 12.46333333333333 0 0 0 0 0
 12.54333333333333 0 0 0 0 0
 12.62166666666667 0 0 0 0 0
 12.68333333333333 0 0 0 0 0
 12.76166666666667 0 0 0 0 0
 12.82833333333334 0 0 0 0 0
 12.88333333333333 0 0 0 0 0
 12.94333333333333 0 0 0 0 0
 13.01 0 0 11.505 0 0
 13.06333333333333 0 0 0 0 0
 13.12333333333333 0 0 0 0 0
 13.18333333333333 0 0 0 0 0
 13.26 0 0 0 0 0
 13.3 0 0 0 0 0
 13.34333333333334 13.36 0 0 0 0
 13.42 0 0 0 0 0
 13.44333333333333 0 0 0 0 0
 13.50666666666667 0 0 0 0 0
 13.56 0 0 0 0 0
 13.58333333333333 0 0 0 0 0
 13.66 0 0 0 0 0
 13.7 0 0 0 0 0
 13.74 0 0 0 0 0
 13.76333333333333 0 0 0 0 0
 13.81833333333334 0 0 0 0 0
 13.86333333333333 0 0 0 0 0
 13.90333333333333 0 0 0 0 0
 13.94333333333333 0 0 0 0 0
 13.98333333333333 0 0 0 0 0
 14.01833333333333 0 0 0 0 0
 14.06 0 0 0 0 0
 14.1 0 0 0 0 0
 14.14 0 0 0 0 0
 14.18 0 0 0 0 0
 14.22 0 0 0 0 0
 14.24 0 12.31833333333333 0 0 0
 14.28 0 0 0 0 0
 14.32 0 0 0 0 0
 14.34833333333333 0 0 0 0 0
 14.38 0 0 0 0 0
 14.42 0 0 0 0 0
 14.44 0 0 0 0 0
 14.48 0 0 0 0 0
 14.50833333333333 0 0 0 0 0
 14.54 0 0 0 0 0
 14.58 0 0 0 0 0
 14.6 0 0 0 0 0
 14.62833333333333 0 0 0 0 0
 14.66 0 0 0 0 0
 14.68 0 0 0 0 14.02916666666667
 14.72 0 0 12.87333333333333 0 0
 14.74 0 0 0 0 0
 14.78 0 0 0 0 0
 14.8 0 0 0 0 0
 14.82 0 0 0 0 0
 14.86 12.1975 0 0 0 0
 14.88 0 0 0 0 0
 14.9 0 0 0 0 0
 14.94 0 0 0 0 0
 14.97 0 0 0 0 0
 14.98 0 0 0 0 0
 15 0 0 0 0 0
 15.04 0 0 0 0 0
 15.07666666666667 0 0 0 0 0
 15.08 0 0 0 0 0
 15.1 0 0 0 0 0
 15.12 0 0 0 0 0
 15.14833333333333 0 0 0 0 0
 15.18 0 0 0 0 0
 15.21666666666667 0 0 0 0 0
 15.23666666666667 0 0 0 0 0
 15.24 0 0 0 0 0
 15.26 0 0 0 0 0
 15.28 0 0 0 0 0
 15.3 0 0 0 0 0
 15.32 0 0 0 0 0
 15.34 0 0 0 0 0
 15.36833333333334 0 0 0 0 0
 15.4 0 0 0 0 0
 15.42 0 0 0 0 0
 15.44 0 0 0 0 0
 15.46 0 0 0 0 0
 15.48 0 0 0 0 0
 15.5 0 0 0 0 0
 15.52 0 0 0 0 0
 15.54 0 0 0 0 0
 15.56 0 0 0 0 0
 15.56 0 0 0 0 0
 15.58 0 0 0 0 0
 15.6 0 0 0 0 0
 15.62 0 0 0 0 0
 15.64 0 0 0 0 0
 0 0 0 0 0 0
 0 0 0 0 0 0
 0 0 0 0 0 0
 0 0 0 0 0 0
 0 0 0 0 0 0


